-2.999999999999999889e-02    -1e-10
-2.969849246231155704e-02    -1e-10
-2.939698492462311519e-02    -1e-10
-2.909547738693467334e-02    -1e-10
-2.879396984924623148e-02    -1e-10
-2.849246231155778963e-02    -1e-10
-2.819095477386934431e-02    -1e-10
-2.788944723618090246e-02    -1e-10
-2.758793969849246061e-02    -1e-10
-2.728643216080401876e-02    -1e-10
-2.698492462311557691e-02    -1e-10
-2.668341708542713506e-02    -1e-10
-2.638190954773869321e-02    -1e-10
-2.608040201005025135e-02    -1e-10
-2.577889447236180950e-02    -1e-10
-2.547738693467336418e-02    -1e-10
-2.517587939698492233e-02    -1e-10
-2.487437185929648048e-02    -0.8
-2.457286432160803863e-02    -0.8
-2.427135678391959678e-02    -0.8
-2.396984924623115493e-02    -0.8
-2.366834170854271308e-02    -0.8
-2.336683417085427122e-02    -0.8
-2.306532663316582937e-02    -0.8
-2.276381909547738752e-02    -0.8
-2.246231155778894567e-02    -0.8
-2.216080402010050382e-02    -0.8
-2.185929648241206197e-02    -0.8
-2.155778894472362012e-02    -0.8
-2.125628140703517827e-02    -0.8
-2.095477386934673295e-02    -0.8
-2.065326633165829109e-02    -0.8
-2.035175879396984924e-02    -0.8
-2.005025125628140739e-02    -0.8
-1.974874371859296554e-02    -0.8
-1.944723618090452022e-02    -0.8
-1.914572864321607837e-02    -0.8
-1.884422110552763652e-02    -0.8
-1.854271356783919467e-02    -0.8
-1.824120603015075281e-02    -0.8
-1.793969849246231096e-02    -0.8
-1.763819095477386911e-02    -0.8
-1.733668341708542726e-02    -0.8
-1.703517587939698541e-02    -0.8
-1.673366834170854356e-02    -0.8
-1.643216080402010171e-02    -0.8
-1.613065326633165986e-02    -0.8
-1.582914572864321801e-02    -0.8
-1.552763819095477442e-02    -0.8
-1.522613065326633257e-02    -0.8
-1.492462311557789072e-02    -0.8
-1.462311557788944713e-02    -0.8
-1.432160804020100528e-02    -0.8
-1.402010050251256343e-02    -0.8
-1.371859296482412158e-02    -0.8
-1.341708542713567973e-02    -0.8
-1.311557788944723787e-02    -0.8
-1.281407035175879602e-02    -0.8
-1.251256281407035417e-02    -0.8
-1.221105527638190885e-02    -0.8
-1.190954773869346700e-02    -0.8
-1.160804020100502515e-02    -0.8
-1.130653266331658330e-02    -0.8
-1.100502512562814145e-02    -0.8
-1.070351758793969960e-02    -0.8
-1.040201005025125774e-02    -0.8
-1.010050251256281589e-02    -0.8
-9.798994974874374042e-03    -0.8
-9.497487437185932191e-03    -0.8
-9.195979899497490340e-03    -0.8
-8.894472361809045019e-03    -0.8
-8.592964824120603168e-03    -0.8
-8.291457286432161317e-03    -0.8
-7.989949748743719465e-03    -0.8
-7.688442211055277614e-03    -0.8
-7.386934673366835763e-03    -0.8
-7.085427135678393912e-03    -0.8
-6.783919597989952061e-03    -0.8
-6.482412060301510209e-03    -0.8
-6.180904522613068358e-03    -0.8
-5.879396984924623037e-03    -0.8
-5.577889447236181186e-03    -0.8
-5.276381909547739335e-03    -0.8
-4.974874371859297484e-03    -0.8
-4.673366834170855633e-03    -0.8
-4.371859296482413781e-03    -0.8
-4.070351758793971930e-03    -0.8
-3.768844221105530079e-03    -0.8
-3.467336683417088228e-03    -0.8
-3.165829145728646377e-03    -0.8
-2.864321608040204525e-03    -0.8
-2.562814070351759205e-03    -0.8
-2.261306532663317354e-03    -0.8
-1.959798994974875502e-03    -0.8
-1.658291457286433651e-03    -0.8
-1.356783919597991800e-03    -0.8
-1.055276381909549949e-03    -0.8
-7.537688442211080975e-04    -0.8
-4.522613065326662463e-04    -0.8
-1.507537688442243951e-04    -0.8
1.507537688442174562e-04     -0.8
4.522613065326593074e-04     -0.8
7.537688442211046280e-04     -0.8
1.055276381909546479e-03     -0.8
1.356783919597988330e-03     -0.8
1.658291457286430182e-03     -0.8
1.959798994974872033e-03     -0.8
2.261306532663313884e-03     -0.8
2.562814070351755735e-03     -0.8
2.864321608040197586e-03     -0.8
3.165829145728639438e-03     -0.8
3.467336683417081289e-03     -0.8
3.768844221105523140e-03     -0.8
4.070351758793964991e-03     -0.8
4.371859296482406843e-03     -0.8
4.673366834170848694e-03     -0.8
4.974874371859290545e-03     -0.8
5.276381909547732396e-03     -0.8
5.577889447236181186e-03     -0.8
5.879396984924623037e-03     -0.8
6.180904522613064889e-03     -0.8
6.482412060301506740e-03     -0.8
6.783919597989948591e-03     -0.8
7.085427135678390442e-03     -0.8
7.386934673366832294e-03     -0.8
7.688442211055274145e-03     -0.8
7.989949748743715996e-03     -0.8
8.291457286432157847e-03     -0.8
8.592964824120599698e-03     -0.8
8.894472361809041550e-03     -0.8
9.195979899497483401e-03     -0.8
9.497487437185925252e-03     -0.8
9.798994974874367103e-03     -0.8
1.010050251256280895e-02     -0.8
1.040201005025125081e-02     -0.8
1.070351758793969266e-02     -0.8
1.100502512562813451e-02     -0.8
1.130653266331657636e-02     -0.8
1.160804020100501821e-02     -0.8
1.190954773869346700e-02     -0.8
1.221105527638190885e-02     -0.8
1.251256281407035070e-02     -0.8
1.281407035175879255e-02     -0.8
1.311557788944723441e-02     -0.8
1.341708542713567626e-02     -0.8
1.371859296482411811e-02     -0.8
1.402010050251255996e-02     -0.8
1.432160804020100181e-02     -0.8
1.462311557788944366e-02     -0.8
1.492462311557788551e-02     -0.8
1.522613065326632736e-02     -0.8
1.552763819095476922e-02     -0.8
1.582914572864321107e-02     -0.8
1.613065326633165292e-02     -0.8
1.643216080402009477e-02     -0.8
1.673366834170853662e-02     -0.8
1.703517587939697847e-02     -0.8
1.733668341708542032e-02     -0.8
1.763819095477386217e-02     -0.8
1.793969849246230402e-02     -0.8
1.824120603015075281e-02     -0.8
1.854271356783919467e-02     -0.8
1.884422110552763652e-02     -0.8
1.914572864321607837e-02     -0.8
1.944723618090452022e-02     -0.8
1.974874371859296207e-02     -0.8
2.005025125628140392e-02     -0.8
2.035175879396984577e-02     -0.8
2.065326633165828762e-02     -0.8
2.095477386934672948e-02     -0.8
2.125628140703517133e-02     -0.8
2.155778894472361318e-02     -0.8
2.185929648241205503e-02     -0.8
2.216080402010049688e-02     -0.8
2.246231155778893873e-02     -0.8
2.276381909547738058e-02     -0.8
2.306532663316582243e-02     -0.8
2.336683417085426429e-02     -0.8
2.366834170854270614e-02     -0.8
2.396984924623114799e-02     -0.8
2.427135678391958984e-02     -0.8
2.457286432160803169e-02     -0.8
2.487437185929648048e-02     -0.8
2.517587939698492233e-02     -1e-10
2.547738693467336418e-02     -1e-10
2.577889447236180603e-02     -1e-10
2.608040201005024789e-02     -1e-10
2.638190954773868974e-02     -1e-10
2.668341708542713159e-02     -1e-10
2.698492462311557344e-02     -1e-10
2.728643216080401529e-02     -1e-10
2.758793969849245714e-02     -1e-10
2.788944723618089899e-02     -1e-10
2.819095477386934084e-02     -1e-10
2.849246231155778269e-02     -1e-10
2.879396984924622455e-02     -1e-10
2.909547738693466640e-02     -1e-10
2.939698492462310825e-02     -1e-10
2.969849246231155010e-02     -1e-10
2.999999999999999889e-02     -1e-10
