-0.07       -0.00665409
-0.069       -0.00840043
-0.068       -0.010562
-0.067       -0.0132287
-0.066       -0.0165037
-0.065       -0.0205131
-0.064       -0.0254078
-0.063       -0.0313674
-0.062       -0.0386062
-0.061       -0.0473696
-0.06       -0.0579426
-0.059       -0.0706477
-0.058       -0.085842
-0.057       -0.10391
-0.056       -0.125246
-0.055       -0.150233
-0.054       -0.179215
-0.053       -0.21246
-0.052       -0.250114
-0.051       -0.292148
-0.05       -0.338308
-0.049       -0.388062
-0.048       -0.440557
-0.047       -0.494611
-0.046       -0.548747
-0.045       -0.601312
-0.044       -0.650676
-0.043       -0.69545
-0.042       -0.734688
-0.041       -0.767973
-0.04       -0.795383
-0.039       -0.817367
-0.038       -0.834591
-0.037       -0.847799
-0.036       -0.857725
-0.035       -0.865044
-0.034       -0.870343
-0.033       -0.874111
-0.032       -0.876731
-0.031       -0.878486
-0.03       -0.87957
-0.029       -0.880099
-0.028       -0.880116
-0.027       -0.879595
-0.026       -0.878448
-0.025       -0.876518
-0.024       -0.873571
-0.023       -0.869269
-0.022       -0.86314
-0.021       -0.854563
-0.02       -0.842759
-0.019       -0.826814
-0.018       -0.805741
-0.017       -0.778597
-0.016       -0.744658
-0.015       -0.703613
-0.014       -0.655718
-0.013       -0.601853
-0.012       -0.543436
-0.011       -0.482234
-0.01       -0.420133
-0.009       -0.358953
-0.008       -0.300313
-0.007       -0.24556
-0.006       -0.195706
-0.005       -0.151355
-0.004       -0.112645
-0.003       -0.0792075
-0.002       -0.0501916
-0.001       -0.0243494
0   -0.000160904
0.001       0.0240277
0.002       0.0498702
0.003       0.078886
0.004       0.112323
0.005       0.151032
0.006       0.195383
0.007       0.245238
0.008       0.29999
0.009       0.358628
0.01       0.419808
0.011       0.481908
0.012       0.54311
0.013       0.601527
0.014       0.65539
0.015       0.703284
0.016       0.744329
0.017       0.778267
0.018       0.80541
0.019       0.826482
0.02       0.842425
0.021       0.854229
0.022       0.862805
0.023       0.868933
0.024       0.873234
0.025       0.87618
0.026       0.878108
0.027       0.879255
0.028       0.879775
0.029       0.879757
0.03       0.879227
0.031       0.878142
0.032       0.876387
0.033       0.873767
0.034       0.869998
0.035       0.864698
0.036       0.857379
0.037       0.847453
0.038       0.834245
0.039       0.817022
0.04       0.795038
0.041       0.767629
0.042       0.734345
0.043       0.695109
0.044       0.650336
0.045       0.600974
0.046       0.548411
0.047       0.494279
0.048       0.440229
0.049       0.387737
0.05       0.337988
0.051       0.291834
0.052       0.249807
0.053       0.212161
0.054       0.178924
0.055       0.149951
0.056       0.124975
0.057       0.103652
0.058       0.085597
0.059       0.0704163
0.06       0.0577268
0.061       0.0471717
0.062       0.0384285
0.063       0.0312122
0.064       0.0252755
0.065       0.0204068
0.066       0.0164268
0.067       0.0131847
0.068       0.0105547
0.069       0.00843148
0.07       0.00672837
