-0.1 -0.00266176 
-0.099 -0.0026356 
-0.098 -0.00261104 
-0.097 -0.00259144 
-0.096 -0.00257224 
-0.095 -0.00255324 
-0.094 -0.00253424 
-0.093 -0.00251557 
-0.092 -0.00250047 
-0.091 -0.00248433 
-0.09 -0.00246664 
-0.089 -0.00244681 
-0.088 -0.00242445 
-0.087 -0.00240228 
-0.086 -0.00237523 
-0.085 -0.002342 
-0.084 -0.00230097 
-0.083 -0.00225037 
-0.082 -0.00219137 
-0.081 -0.00211732 
-0.08 -0.00202462 
-0.079 -0.00190887 
-0.078 -0.00176456 
-0.077 -0.00158839 
-0.076 -0.00136831 
-0.075 -0.00109357 
-0.074 -0.000750588 
-0.073 -0.000322021 
-0.072 0.000211343 
-0.071 0.000881093 
-0.07 0.00172475 
-0.069 0.0027913 
-0.068 0.00414544 
-0.067 0.00587061 
-0.066 0.00808414 
-0.065 0.0109409 
-0.064 0.0146492 
-0.063 0.0194898 
-0.062 0.0258377 
-0.061 0.0341956 
-0.06 0.0452177 
-0.059 0.0597318 
-0.058 0.0787382 
-0.057 0.103363 
-0.056 0.134759 
-0.055 0.173933 
-0.054 0.221562 
-0.053 0.277845 
-0.052 0.342461 
-0.051 0.414604 
-0.05 0.49305 
-0.049 0.576171 
-0.048 0.661886 
-0.047 0.747582 
-0.046 0.830113 
-0.045 0.905951 
-0.044 0.971539 
-0.043 1.02374 
-0.042 1.06018 
-0.041 1.07941 
-0.04 1.08085 
-0.039 1.06465 
-0.038 1.03175 
-0.037 0.983849 
-0.036 0.92347 
-0.035 0.853689 
-0.034 0.777745 
-0.033 0.698588 
-0.032 0.61856 
-0.031 0.539286 
-0.03 0.46173 
-0.029 0.386326 
-0.028 0.313143 
-0.027 0.242007 
-0.026 0.1726 
-0.025 0.104518 
-0.024 0.0373008 
-0.023 -0.0295407 
-0.022 -0.0965201 
-0.021 -0.164162 
-0.02 -0.232997 
-0.019 -0.303553 
-0.018 -0.376345 
-0.017 -0.451862 
-0.016 -0.530537 
-0.015 -0.6127 
-0.014 -0.698495 
-0.013 -0.787769 
-0.012 -0.879923 
-0.011 -0.973764 
-0.01 -1.06742 
-0.009 -1.1584 
-0.008 -1.24388 
-0.007 -1.32115 
-0.006 -1.38812 
-0.005 -1.44362 
-0.004 -1.48747 
-0.003 -1.52019 
-0.002 -1.54264 
-0.001 -1.55568 
0 -1.55995 
0.001 -1.55567 
0.002 -1.54261 
0.003 -1.52015 
0.004 -1.48742 
0.005 -1.44356 
0.006 -1.38804 
0.007 -1.32106 
0.008 -1.24378 
0.009 -1.15829 
0.01 -1.06729 
0.011 -0.973622 
0.012 -0.879768 
0.013 -0.787601 
0.014 -0.698313 
0.015 -0.612504 
0.016 -0.530329 
0.017 -0.45164 
0.018 -0.376109 
0.019 -0.303303 
0.02 -0.232733 
0.021 -0.163885 
0.022 -0.0962284 
0.023 -0.0292346 
0.024 0.0376215 
0.025 0.104853 
0.026 0.17295 
0.027 0.242372 
0.028 0.313523 
0.029 0.386721 
0.03 0.46214 
0.031 0.539712 
0.032 0.619001 
0.033 0.699045 
0.034 0.778219 
0.035 0.854179 
0.036 0.923976 
0.037 0.984372 
0.038 1.03229 
0.039 1.06521 
0.04 1.08142 
0.041 1.08 
0.042 1.06079 
0.043 1.02437 
0.044 0.972187 
0.045 0.906618 
0.046 0.830799 
0.047 0.748287 
0.048 0.66261 
0.049 0.576916 
0.05 0.493816 
0.051 0.41539 
0.052 0.343268 
0.053 0.278673 
0.054 0.222412 
0.055 0.174806 
0.056 0.135655 
0.057 0.104281 
0.058 0.0796789 
0.059 0.0606971 
0.06 0.0462076 
0.061 0.03521 
0.062 0.0268766 
0.063 0.0205537 
0.064 0.01574 
0.065 0.0120587 
0.066 0.0092289 
0.067 0.00704231 
0.068 0.00534434 
0.069 0.00401985 
0.07 0.00298292 
0.071 0.00216888 
0.072 0.00152874 
0.073 0.00102514 
0.074 0.000629241 
0.075 0.000318879 
0.076 7.68E-05 
0.077 -0.000110687 
0.078 -0.000254232 
0.079 -0.000362489 
0.08 -0.000442244 
0.081 -0.000498934 
0.082 -0.000536984 
0.083 -0.000559984 
0.084 -0.000570924 
0.085 -0.000572166 
0.086 -0.000565616 
0.087 -0.000552877 
0.088 -0.000535267 
0.089 -0.000513931 
0.09 -0.000489752 
0.091 -0.000463422 
0.092 -0.00043555 
0.093 -0.000406636 
0.094 -0.000377142 
0.095 -0.000347405 
0.096 -0.000317653 
0.097 -0.000288113 
0.098 -0.000258967 
0.099 -0.0002304 
0.1 -0.000202536 
