-0.55 -0.397627 
-0.549 -0.397627 
-0.548 -0.397627 
-0.547 -0.397627 
-0.546 -0.397627 
-0.545 -0.397627 
-0.544 -0.397627 
-0.543 -0.397627 
-0.542 -0.397627 
-0.541 -0.397627 
-0.54 -0.397627 
-0.539 -0.397627 
-0.538 -0.397627 
-0.537 -0.397627 
-0.536 -0.397627 
-0.535 -0.397627 
-0.534 -0.397627 
-0.533 -0.397627 
-0.532 -0.397627 
-0.531 -0.397627 
-0.53 -0.397627 
-0.529 -0.397627 
-0.528 -0.397627 
-0.527 -0.397627 
-0.526 -0.397627 
-0.525 -0.397626 
-0.524 -0.397626 
-0.523 -0.397626 
-0.522 -0.397626 
-0.521 -0.397626 
-0.52 -0.397626 
-0.519 -0.397626 
-0.518 -0.397626 
-0.517 -0.397626 
-0.516 -0.397626 
-0.515 -0.397626 
-0.514 -0.397626 
-0.513 -0.397626 
-0.512 -0.397626 
-0.511 -0.397626 
-0.51 -0.397626 
-0.509 -0.397626 
-0.508 -0.397626 
-0.507 -0.397626 
-0.506 -0.397626 
-0.505 -0.397626 
-0.504 -0.397626 
-0.503 -0.397626 
-0.502 -0.397626 
-0.501 -0.397626 
-0.5 -0.397625 
-0.499 -0.397625 
-0.498 -0.397625 
-0.497 -0.397625 
-0.496 -0.397625 
-0.495 -0.397625 
-0.494 -0.397625 
-0.493 -0.397625 
-0.492 -0.397625 
-0.491 -0.397625 
-0.49 -0.397625 
-0.489 -0.397625 
-0.488 -0.397625 
-0.487 -0.397625 
-0.486 -0.397625 
-0.485 -0.397625 
-0.484 -0.397625 
-0.483 -0.397625 
-0.482 -0.397625 
-0.481 -0.397625 
-0.48 -0.397624 
-0.479 -0.397624 
-0.478 -0.397624 
-0.477 -0.397624 
-0.476 -0.397624 
-0.475 -0.397624 
-0.474 -0.397624 
-0.473 -0.397624 
-0.472 -0.397624 
-0.471 -0.397624 
-0.47 -0.397624 
-0.469 -0.397624 
-0.468 -0.397624 
-0.467 -0.397624 
-0.466 -0.397624 
-0.465 -0.397624 
-0.464 -0.397624 
-0.463 -0.397623 
-0.462 -0.397623 
-0.461 -0.397623 
-0.46 -0.397623 
-0.459 -0.397623 
-0.458 -0.397623 
-0.457 -0.397623 
-0.456 -0.397623 
-0.455 -0.397623 
-0.454 -0.397623 
-0.453 -0.397623 
-0.452 -0.397623 
-0.451 -0.397623 
-0.45 -0.397623 
-0.449 -0.397622 
-0.448 -0.397622 
-0.447 -0.397622 
-0.446 -0.397622 
-0.445 -0.397622 
-0.444 -0.397622 
-0.443 -0.397622 
-0.442 -0.397622 
-0.441 -0.397622 
-0.44 -0.397622 
-0.439 -0.397622 
-0.438 -0.397622 
-0.437 -0.397621 
-0.436 -0.397621 
-0.435 -0.397621 
-0.434 -0.397621 
-0.433 -0.397621 
-0.432 -0.397621 
-0.431 -0.397621 
-0.43 -0.397621 
-0.429 -0.397621 
-0.428 -0.397621 
-0.427 -0.39762 
-0.426 -0.39762 
-0.425 -0.39762 
-0.424 -0.39762 
-0.423 -0.39762 
-0.422 -0.39762 
-0.421 -0.39762 
-0.42 -0.39762 
-0.419 -0.39762 
-0.418 -0.39762 
-0.417 -0.397619 
-0.416 -0.397619 
-0.415 -0.397619 
-0.414 -0.397619 
-0.413 -0.397619 
-0.412 -0.397619 
-0.411 -0.397619 
-0.41 -0.397619 
-0.409 -0.397618 
-0.408 -0.397618 
-0.407 -0.397618 
-0.406 -0.397618 
-0.405 -0.397618 
-0.404 -0.397618 
-0.403 -0.397618 
-0.402 -0.397618 
-0.401 -0.397617 
-0.4 -0.397617 
-0.399 -0.397617 
-0.398 -0.397617 
-0.397 -0.397617 
-0.396 -0.397617 
-0.395 -0.397617 
-0.394 -0.397616 
-0.393 -0.397616 
-0.392 -0.397616 
-0.391 -0.397616 
-0.39 -0.397616 
-0.389 -0.397616 
-0.388 -0.397616 
-0.387 -0.397615 
-0.386 -0.397615 
-0.385 -0.397615 
-0.384 -0.397615 
-0.383 -0.397615 
-0.382 -0.397615 
-0.381 -0.397614 
-0.38 -0.397614 
-0.379 -0.397614 
-0.378 -0.397614 
-0.377 -0.397614 
-0.376 -0.397613 
-0.375 -0.397613 
-0.374 -0.397613 
-0.373 -0.397613 
-0.372 -0.397613 
-0.371 -0.397612 
-0.37 -0.397612 
-0.369 -0.397612 
-0.368 -0.397612 
-0.367 -0.397612 
-0.366 -0.397611 
-0.365 -0.397611 
-0.364 -0.397611 
-0.363 -0.397611 
-0.362 -0.397611 
-0.361 -0.39761 
-0.36 -0.39761 
-0.359 -0.39761 
-0.358 -0.39761 
-0.357 -0.397609 
-0.356 -0.397609 
-0.355 -0.397609 
-0.354 -0.397609 
-0.353 -0.397608 
-0.352 -0.397608 
-0.351 -0.397608 
-0.35 -0.397608 
-0.349 -0.397607 
-0.348 -0.397607 
-0.347 -0.397607 
-0.346 -0.397607 
-0.345 -0.397606 
-0.344 -0.397606 
-0.343 -0.397606 
-0.342 -0.397605 
-0.341 -0.397605 
-0.34 -0.397605 
-0.339 -0.397605 
-0.338 -0.397604 
-0.337 -0.397604 
-0.336 -0.397604 
-0.335 -0.397603 
-0.334 -0.397603 
-0.333 -0.397603 
-0.332 -0.397602 
-0.331 -0.397602 
-0.33 -0.397602 
-0.329 -0.397601 
-0.328 -0.397601 
-0.327 -0.397601 
-0.326 -0.3976 
-0.325 -0.3976 
-0.324 -0.397599 
-0.323 -0.397599 
-0.322 -0.397599 
-0.321 -0.397598 
-0.32 -0.397598 
-0.319 -0.397598 
-0.318 -0.397597 
-0.317 -0.397597 
-0.316 -0.397596 
-0.315 -0.397596 
-0.314 -0.397595 
-0.313 -0.397595 
-0.312 -0.397595 
-0.311 -0.397594 
-0.31 -0.397594 
-0.309 -0.397593 
-0.308 -0.397593 
-0.307 -0.397592 
-0.306 -0.397592 
-0.305 -0.397591 
-0.304 -0.397591 
-0.303 -0.39759 
-0.302 -0.39759 
-0.301 -0.397589 
-0.3 -0.397589 
-0.299 -0.397588 
-0.298 -0.397588 
-0.297 -0.397587 
-0.296 -0.397586 
-0.295 -0.397586 
-0.294 -0.397585 
-0.293 -0.397585 
-0.292 -0.397584 
-0.291 -0.397584 
-0.29 -0.397583 
-0.289 -0.397582 
-0.288 -0.397582 
-0.287 -0.397581 
-0.286 -0.39758 
-0.285 -0.39758 
-0.284 -0.397579 
-0.283 -0.397578 
-0.282 -0.397578 
-0.281 -0.397577 
-0.28 -0.397576 
-0.279 -0.397498 
-0.278 -0.397393 
-0.277 -0.397289 
-0.276 -0.397184 
-0.275 -0.39708 
-0.274 -0.396872 
-0.273 -0.396622 
-0.272 -0.396372 
-0.271 -0.396122 
-0.27 -0.395872 
-0.269 -0.395121 
-0.268 -0.394116 
-0.267 -0.393112 
-0.266 -0.392108 
-0.265 -0.391103 
-0.264 -0.388424 
-0.263 -0.384719 
-0.262 -0.381015 
-0.261 -0.377311 
-0.26 -0.373606 
-0.259 -0.367383 
-0.258 -0.359309 
-0.257 -0.351235 
-0.256 -0.343162 
-0.255 -0.335088 
-0.254 -0.324793 
-0.253 -0.312549 
-0.252 -0.300306 
-0.251 -0.288062 
-0.25 -0.275819 
-0.249 -0.262928 
-0.248 -0.24936 
-0.247 -0.235792 
-0.246 -0.222224 
-0.245 -0.208656 
-0.244 -0.196331 
-0.243 -0.185553 
-0.242 -0.174776 
-0.241 -0.163999 
-0.24 -0.153222 
-0.239 -0.143623 
-0.238 -0.135783 
-0.237 -0.127943 
-0.236 -0.120103 
-0.235 -0.112263 
-0.234 -0.10536 
-0.233 -0.100143 
-0.232 -0.0949257 
-0.231 -0.0897085 
-0.23 -0.0844913 
-0.229 -0.0798173 
-0.228 -0.0763322 
-0.227 -0.0728472 
-0.226 -0.0693621 
-0.225 -0.065877 
-0.224 -0.0626745 
-0.223 -0.0602372 
-0.222 -0.0577998 
-0.221 -0.0553623 
-0.22 -0.0529249 
-0.219 -0.0506277 
-0.218 -0.0488111 
-0.217 -0.0469946 
-0.216 -0.045178 
-0.215 -0.0433614 
-0.214 -0.0416211 
-0.213 -0.0402241 
-0.212 -0.038827 
-0.211 -0.0374299 
-0.21 -0.0360328 
-0.209 -0.0346799 
-0.208 -0.0336024 
-0.207 -0.032525 
-0.206 -0.0314475 
-0.205 -0.0303699 
-0.204 -0.0293134 
-0.203 -0.0284588 
-0.202 -0.0276042 
-0.201 -0.0267495 
-0.2 -0.0258948 
-0.199 -0.025048 
-0.198 -0.0243491 
-0.197 -0.0236502 
-0.196 -0.0229513 
-0.195 -0.0222524 
-0.194 -0.0215543 
-0.193 -0.0209731 
-0.192 -0.0203919 
-0.191 -0.0198107 
-0.19 -0.0192295 
-0.189 -0.0186482 
-0.188 -0.0181648 
-0.187 -0.0176852 
-0.186 -0.0172055 
-0.185 -0.0167258 
-0.184 -0.016246 
-0.183 -0.0158357 
-0.182 -0.0154314 
-0.181 -0.0150271 
-0.18 -0.0146228 
-0.179 -0.0142184 
-0.178 -0.0138654 
-0.177 -0.0135198 
-0.176 -0.0131741 
-0.175 -0.0128284 
-0.174 -0.0124827 
-0.173 -0.0121762 
-0.172 -0.0118776 
-0.171 -0.011579 
-0.17 -0.0112805 
-0.169 -0.010982 
-0.168 -0.0107181 
-0.167 -0.0104637 
-0.166 -0.0102092 
-0.165 -0.00995485 
-0.164 -0.00970048 
-0.163 -0.00947084 
-0.162 -0.00924975 
-0.161 -0.0090287 
-0.16 -0.00880772 
-0.159 -0.00858679 
-0.158 -0.00837026 
-0.157 -0.00815565 
-0.156 -0.00794113 
-0.155 -0.00772669 
-0.154 -0.00751235 
-0.153 -0.00733662 
-0.152 -0.0071812 
-0.151 -0.00702589 
-0.15 -0.0068707 
-0.149 -0.00671565 
-0.148 -0.00657024 
-0.147 -0.00643099 
-0.146 -0.0062919 
-0.145 -0.00615299 
-0.144 -0.00601427 
-0.143 -0.00588367 
-0.142 -0.00575929 
-0.141 -0.00563515 
-0.14 -0.00551124 
-0.139 -0.00538758 
-0.138 -0.00527077 
-0.137 -0.0051602 
-0.136 -0.00504993 
-0.135 -0.00493998 
-0.134 -0.00483036 
-0.133 -0.00472652 
-0.132 -0.0046289 
-0.131 -0.00453167 
-0.13 -0.00443485 
-0.129 -0.00433846 
-0.128 -0.00424696 
-0.127 -0.00416164 
-0.126 -0.00407682 
-0.125 -0.00399253 
-0.124 -0.00390878 
-0.123 -0.00382919 
-0.122 -0.00375573 
-0.121 -0.00368289 
-0.12 -0.0036107 
-0.119 -0.00353919 
-0.118 -0.00347125 
-0.117 -0.00340937 
-0.116 -0.00334825 
-0.115 -0.00328791 
-0.114 -0.00322838 
-0.113 -0.00317194 
-0.112 -0.00312148 
-0.111 -0.00307191 
-0.11 -0.00302323 
-0.109 -0.00297547 
-0.108 -0.00293039 
-0.107 -0.00289114 
-0.106 -0.00285285 
-0.105 -0.00281552 
-0.104 -0.00277913 
-0.103 -0.00274497 
-0.102 -0.00271638 
-0.101 -0.00268866 
-0.1 -0.00266176 
-0.099 -0.0026356 
-0.098 -0.00261104 
-0.097 -0.00259144 
-0.096 -0.00257224 
-0.095 -0.00255324 
-0.094 -0.00253424 
-0.093 -0.00251557 
-0.092 -0.00250047 
-0.091 -0.00248433 
-0.09 -0.00246664 
-0.089 -0.00244681 
-0.088 -0.00242445 
-0.087 -0.00240228 
-0.086 -0.00237523 
-0.085 -0.002342 
-0.084 -0.00230097 
-0.083 -0.00225037 
-0.082 -0.00219137 
-0.081 -0.00211732 
-0.08 -0.00202462 
-0.079 -0.00190887 
-0.078 -0.00176456 
-0.077 -0.00158839 
-0.076 -0.00136831 
-0.075 -0.00109357 
-0.074 -0.000750588 
-0.073 -0.000322021 
-0.072 0.000211343 
-0.071 0.000881093 
-0.07 0.00172475 
-0.069 0.0027913 
-0.068 0.00414544 
-0.067 0.00587061 
-0.066 0.00808414 
-0.065 0.0109409 
-0.064 0.0146492 
-0.063 0.0194898 
-0.062 0.0258377 
-0.061 0.0341956 
-0.06 0.0452177 
-0.059 0.0597318 
-0.058 0.0787382 
-0.057 0.103363 
-0.056 0.134759 
-0.055 0.173933 
-0.054 0.221562 
-0.053 0.277845 
-0.052 0.342461 
-0.051 0.414604 
-0.05 0.49305 
-0.049 0.576171 
-0.048 0.661886 
-0.047 0.747582 
-0.046 0.830113 
-0.045 0.905951 
-0.044 0.971539 
-0.043 1.02374 
-0.042 1.06018 
-0.041 1.07941 
-0.04 1.08085 
-0.039 1.06465 
-0.038 1.03175 
-0.037 0.983849 
-0.036 0.92347 
-0.035 0.853689 
-0.034 0.777745 
-0.033 0.698588 
-0.032 0.61856 
-0.031 0.539286 
-0.03 0.46173 
-0.029 0.386326 
-0.028 0.313143 
-0.027 0.242007 
-0.026 0.1726 
-0.025 0.104518 
-0.024 0.0373008 
-0.023 -0.0295407 
-0.022 -0.0965201 
-0.021 -0.164162 
-0.02 -0.232997 
-0.019 -0.303553 
-0.018 -0.376345 
-0.017 -0.451862 
-0.016 -0.530537 
-0.015 -0.6127 
-0.014 -0.698495 
-0.013 -0.787769 
-0.012 -0.879923 
-0.011 -0.973764 
-0.01 -1.06742 
-0.009 -1.1584 
-0.008 -1.24388 
-0.007 -1.32115 
-0.006 -1.38812 
-0.005 -1.44362 
-0.004 -1.48747 
-0.003 -1.52019 
-0.002 -1.54264 
-0.001 -1.55568 
0 -1.55995 
0.001 -1.55567 
0.002 -1.54261 
0.003 -1.52015 
0.004 -1.48742 
0.005 -1.44356 
0.006 -1.38804 
0.007 -1.32106 
0.008 -1.24378 
0.009 -1.15829 
0.01 -1.06729 
0.011 -0.973622 
0.012 -0.879768 
0.013 -0.787601 
0.014 -0.698313 
0.015 -0.612504 
0.016 -0.530329 
0.017 -0.45164 
0.018 -0.376109 
0.019 -0.303303 
0.02 -0.232733 
0.021 -0.163885 
0.022 -0.0962284 
0.023 -0.0292346 
0.024 0.0376215 
0.025 0.104853 
0.026 0.17295 
0.027 0.242372 
0.028 0.313523 
0.029 0.386721 
0.03 0.46214 
0.031 0.539712 
0.032 0.619001 
0.033 0.699045 
0.034 0.778219 
0.035 0.854179 
0.036 0.923976 
0.037 0.984372 
0.038 1.03229 
0.039 1.06521 
0.04 1.08142 
0.041 1.08 
0.042 1.06079 
0.043 1.02437 
0.044 0.972187 
0.045 0.906618 
0.046 0.830799 
0.047 0.748287 
0.048 0.66261 
0.049 0.576916 
0.05 0.493816 
0.051 0.41539 
0.052 0.343268 
0.053 0.278673 
0.054 0.222412 
0.055 0.174806 
0.056 0.135655 
0.057 0.104281 
0.058 0.0796789 
0.059 0.0606971 
0.06 0.0462076 
0.061 0.03521 
0.062 0.0268766 
0.063 0.0205537 
0.064 0.01574 
0.065 0.0120587 
0.066 0.0092289 
0.067 0.00704231 
0.068 0.00534434 
0.069 0.00401985 
0.07 0.00298292 
0.071 0.00216888 
0.072 0.00152874 
0.073 0.00102514 
0.074 0.000629241 
0.075 0.000318879 
0.076 7.68E-05 
0.077 -0.000110687 
0.078 -0.000254232 
0.079 -0.000362489 
0.08 -0.000442244 
0.081 -0.000498934 
0.082 -0.000536984 
0.083 -0.000559984 
0.084 -0.000570924 
0.085 -0.000572166 
0.086 -0.000565616 
0.087 -0.000552877 
0.088 -0.000535267 
0.089 -0.000513931 
0.09 -0.000489752 
0.091 -0.000463422 
0.092 -0.00043555 
0.093 -0.000406636 
0.094 -0.000377142 
0.095 -0.000347405 
0.096 -0.000317653 
0.097 -0.000288113 
0.098 -0.000258967 
0.099 -0.0002304 
0.1 -0.000202536 
0.101 -0.000175418 
0.102 -0.000149117 
0.103 -0.000123686 
0.104 -9.92E-05 
0.105 -7.57E-05 
0.106 -5.31E-05 
0.107 -3.15E-05 
0.108 -1.08E-05 
0.109 8.86E-06 
0.11 2.76E-05 
0.111 4.54E-05 
0.112 6.22E-05 
0.113 7.83E-05 
0.114 9.34E-05 
0.115 0.000107634 
0.116 0.000121075 
0.117 0.000133732 
0.118 0.000145632 
0.119 0.000156786 
0.12 0.000167196 
0.121 0.000176929 
0.122 0.000186013 
0.123 0.000194472 
0.124 0.000202321 
0.125 0.00020956 
0.126 0.000216251 
0.127 0.000222419 
0.128 0.000228088 
0.129 0.000233271 
0.13 0.000237963 
0.131 0.000242223 
0.132 0.000246072 
0.133 0.00024953 
0.134 0.000252609 
0.135 0.000255302 
0.136 0.00025766 
0.137 0.000259701 
0.138 0.000261442 
0.139 0.000262895 
0.14 0.000264047 
0.141 0.000264946 
0.142 0.000265606 
0.143 0.000266041 
0.144 0.000266261 
0.145 0.000266251 
0.146 0.000266053 
0.147 0.000265679 
0.148 0.00026514 
0.149 0.000264446 
0.15 0.000263578 
0.151 0.000262576 
0.152 0.000261447 
0.153 0.000260201 
0.154 0.000258846 
0.155 0.000257364 
0.156 0.000255787 
0.157 0.000254124 
0.158 0.000252382 
0.159 0.000250566 
0.16 0.00024866 
0.161 0.000246691 
0.162 0.000244666 
0.163 0.000242591 
0.164 0.000240469 
0.165 0.000238287 
0.166 0.000236066 
0.167 0.000233813 
0.168 0.000231531 
0.169 0.000229224 
0.17 0.000226879 
0.171 0.000224513 
0.172 0.000222132 
0.173 0.000219739 
0.174 0.000217337 
0.175 0.000214915 
0.176 0.000212484 
0.177 0.000210052 
0.178 0.000207621 
0.179 0.000205192 
0.18 0.000202755 
0.181 0.00020032 
0.182 0.000197893 
0.183 0.000195476 
0.184 0.000193069 
0.185 0.000190664 
0.186 0.000188269 
0.187 0.000185888 
0.188 0.000183522 
0.189 0.000181173 
0.19 0.000178833 
0.191 0.000176508 
0.192 0.000174201 
0.193 0.000171914 
0.194 0.000169648 
0.195 0.000167395 
0.196 0.00016516 
0.197 0.000162947 
0.198 0.000160756 
0.199 0.000158588 
0.2 0.000156438 
0.201 0.000154307 
0.202 0.000152199 
0.203 0.000150116 
0.204 0.000148057 
0.205 0.000146017 
0.206 0.000143997 
0.207 0.000142002 
0.208 0.000140032 
0.209 0.000138087 
0.21 0.000136125 
0.211 0.000134146 
0.212 0.000132193 
0.213 0.000130264 
0.214 0.00012836 
0.215 0.00012648 
0.216 0.000124625 
0.217 0.000122794 
0.218 0.000120987 
0.219 0.000119205 
0.22 0.000117446 
0.221 0.000115711 
0.222 0.000114 
0.223 0.000112312 
0.224 0.000110648 
0.225 0.000109007 
0.226 0.000107388 
0.227 0.000105793 
0.228 0.000104219 
0.229 0.000102668 
0.23 0.000101139 
0.231 9.96E-05 
0.232 9.81E-05 
0.233 9.67E-05 
0.234 9.52E-05 
0.235 9.38E-05 
0.236 9.24E-05 
0.237 9.1E-05 
0.238 8.97E-05 
0.239 8.83E-05 
0.24 8.7E-05 
0.241 8.57E-05 
0.242 8.44E-05 
0.243 8.32E-05 
0.244 8.19E-05 
0.245 8.07E-05 
0.246 7.95E-05 
0.247 7.83E-05 
0.248 7.71E-05 
0.249 7.6E-05 
0.25 7.48E-05 
0.251 7.37E-05 
0.252 7.26E-05 
0.253 7.15E-05 
0.254 7.04E-05 
0.255 6.94E-05 
0.256 6.84E-05 
0.257 6.73E-05 
0.258 6.63E-05 
0.259 6.53E-05 
0.26 6.43E-05 
0.261 6.34E-05 
0.262 6.24E-05 
0.263 6.15E-05 
0.264 6.06E-05 
0.265 5.97E-05 
0.266 5.88E-05 
0.267 5.79E-05 
0.268 5.7E-05 
0.269 5.62E-05 
0.27 5.53E-05 
0.271 5.45E-05 
0.272 5.37E-05 
0.273 5.29E-05 
0.274 5.21E-05 
0.275 5.13E-05 
0.276 5.06E-05 
0.277 4.98E-05 
0.278 4.91E-05 
0.279 4.83E-05 
0.28 4.76E-05 
0.281 4.69E-05 
0.282 4.62E-05 
0.283 4.55E-05 
0.284 4.48E-05 
0.285 4.41E-05 
0.286 4.35E-05 
0.287 4.28E-05 
0.288 4.22E-05 
0.289 4.16E-05 
0.29 4.09E-05 
0.291 4.03E-05 
0.292 3.97E-05 
0.293 3.91E-05 
0.294 3.85E-05 
0.295 3.8E-05 
0.296 3.74E-05 
0.297 3.68E-05 
0.298 3.63E-05 
0.299 3.57E-05 
0.3 3.52E-05 
0.301 3.47E-05 
0.302 3.41E-05 
0.303 3.36E-05 
0.304 3.31E-05 
0.305 3.26E-05 
0.306 3.21E-05 
0.307 3.17E-05 
0.308 3.12E-05 
0.309 3.07E-05 
0.31 3.02E-05 
0.311 2.98E-05 
0.312 2.93E-05 
0.313 2.89E-05 
0.314 2.85E-05 
0.315 2.8E-05 
0.316 2.76E-05 
0.317 2.72E-05 
0.318 2.68E-05 
0.319 2.64E-05 
0.32 2.6E-05 
0.321 2.56E-05 
0.322 2.52E-05 
0.323 2.48E-05 
0.324 2.44E-05 
0.325 2.4E-05 
0.326 2.37E-05 
0.327 2.33E-05 
0.328 2.3E-05 
0.329 2.26E-05 
0.33 2.22E-05 
0.331 2.19E-05 
0.332 2.16E-05 
0.333 2.12E-05 
0.334 2.09E-05 
0.335 2.06E-05 
0.336 2.03E-05 
0.337 1.99E-05 
0.338 1.96E-05 
0.339 1.93E-05 
0.34 1.9E-05 
0.341 1.87E-05 
0.342 1.84E-05 
0.343 1.81E-05 
0.344 1.79E-05 
0.345 1.76E-05 
0.346 1.73E-05 
0.347 1.7E-05 
0.348 1.67E-05 
0.349 1.65E-05 
0.35 1.62E-05 
0.351 1.59E-05 
0.352 1.57E-05 
0.353 1.54E-05 
0.354 1.52E-05 
0.355 1.49E-05 
0.356 1.47E-05 
0.357 1.45E-05 
0.358 1.42E-05 
0.359 1.4E-05 
0.36 1.38E-05 
0.361 1.35E-05 
0.362 1.33E-05 
0.363 1.31E-05 
0.364 1.29E-05 
0.365 1.26E-05 
0.366 1.24E-05 
0.367 1.22E-05 
0.368 1.2E-05 
0.369 1.18E-05 
0.37 1.16E-05 
0.371 1.14E-05 
0.372 1.12E-05 
0.373 1.1E-05 
0.374 1.08E-05 
0.375 1.06E-05 
0.376 1.04E-05 
0.377 1.03E-05 
0.378 1.01E-05 
0.379 9.89E-06 
0.38 9.72E-06 
0.381 9.54E-06 
0.382 9.37E-06 
0.383 9.19E-06 
0.384 9.03E-06 
0.385 8.86E-06 
0.386 8.69E-06 
0.387 8.53E-06 
0.388 8.37E-06 
0.389 8.21E-06 
0.39 8.05E-06 
0.391 7.9E-06 
0.392 7.75E-06 
0.393 7.59E-06 
0.394 7.44E-06 
0.395 7.3E-06 
0.396 7.15E-06 
0.397 7.01E-06 
0.398 6.87E-06 
0.399 6.73E-06 
0.4 6.59E-06 
0.401 6.45E-06 
0.402 6.31E-06 
0.403 6.18E-06 
0.404 6.05E-06 
0.405 5.92E-06 
0.406 5.79E-06 
0.407 5.66E-06 
0.408 5.54E-06 
0.409 5.41E-06 
0.41 5.29E-06 
0.411 5.17E-06 
0.412 5.05E-06 
0.413 4.93E-06 
0.414 4.81E-06 
0.415 4.7E-06 
0.416 2.86E-06 
0.417 -4.78E-06 
0.418 -1.24E-05 
0.419 -2.01E-05 
0.42 -2.83E-05 
0.421 -3.89E-05 
0.422 -4.95E-05 
0.423 -6.01E-05 
0.424 -7.08E-05 
0.425 -8.21E-05 
0.426 -9.33E-05 
0.427 -0.000104605 
0.428 -0.000115991 
0.429 -0.000127991 
0.43 -0.00013999 
0.431 -0.000151988 
0.432 -0.000164096 
0.433 -0.00017684 
0.434 -0.000189583 
0.435 -0.000202325 
0.436 -0.00021518 
0.437 -0.000228808 
0.438 -0.000242435 
0.439 -0.000256061 
0.44 -0.000269783 
0.441 -0.000284298 
0.442 -0.000298813 
0.443 -0.000313327 
0.444 -0.000327925 
0.445 -0.000343408 
0.446 -0.00035889 
0.447 -0.000374371 
0.448 -0.000389925 
0.449 -0.000406488 
0.45 -0.00042305 
0.451 -0.000439612 
0.452 -0.000456225 
0.453 -0.000473885 
0.454 -0.000491545 
0.455 -0.000509203 
0.456 -0.000526897 
0.457 -0.000545845 
0.458 -0.000564792 
0.459 -0.000583738 
0.46 -0.000602694 
0.461 -0.00062296 
0.462 -0.000643226 
0.463 -0.00066349 
0.464 -0.000683754 
0.465 -0.00070543 
0.466 -0.000727124 
0.467 -0.000748816 
0.468 -0.000770508 
0.469 -0.000793768 
0.47 -0.000817081 
0.471 -0.000840393 
0.472 -0.000863705 
0.473 -0.000888568 
0.474 -0.000913517 
0.475 -0.000938465 
0.476 -0.000963413 
0.477 -0.000990148 
0.478 -0.00101702 
0.479 -0.0010439 
0.48 -0.00107077 
0.481 -0.00109946 
0.482 -0.00112833 
0.483 -0.0011572 
0.484 -0.00118607 
0.485 -0.00121685 
0.486 -0.00124786 
0.487 -0.00127888 
0.488 -0.00130989 
0.489 -0.00134306 
0.49 -0.00137656 
0.491 -0.00141005 
0.492 -0.00144355 
0.493 -0.00147916 
0.494 -0.00151516 
0.495 -0.00155116 
0.496 -0.00158715 
0.497 -0.00162558 
0.498 -0.00166452 
0.499 -0.00170346 
0.5 -0.0017424 
0.501 -0.00178383 
0.502 -0.00182586 
0.503 -0.00186788 
0.504 -0.0019099 
0.505 -0.00195454 
0.506 -0.00199988 
0.507 -0.00204522 
0.508 -0.00209056 
0.509 -0.00213887 
0.51 -0.00218809 
0.511 -0.00223731 
0.512 -0.00228653 
0.513 -0.00233867 
0.514 -0.00239181 
0.515 -0.00244495 
0.516 -0.00249809 
0.517 -0.00255458 
0.518 -0.00261233 
0.519 -0.00267009 
0.52 -0.00272784 
0.521 -0.00278906 
0.522 -0.00285173 
0.523 -0.00291439 
0.524 -0.00297706 
0.525 -0.00304332 
0.526 -0.00311124 
0.527 -0.00317915 
0.528 -0.00324706 
0.529 -0.00331914 
0.53 -0.00339332 
0.531 -0.00346749 
0.532 -0.00354166 
0.533 -0.00361993 
0.534 -0.00370046 
0.535 -0.00378099 
0.536 -0.00386152 
0.537 -0.00394669 
0.538 -0.00403464 
0.539 -0.00412259 
0.54 -0.00421055 
0.541 -0.0043034 
0.542 -0.00439944 
0.543 -0.00449549 
0.544 -0.00459153 
0.545 -0.00469262 
0.546 -0.00479727 
0.547 -0.00490192 
0.548 -0.00500657 
0.549 -0.00511714 
0.55 -0.00523228 
0.551 -0.00534741 
0.552 -0.00546254 
0.553 -0.00558348 
0.554 -0.00570925 
0.555 -0.00583503 
0.556 -0.00596081 
0.557 -0.00609314 
0.558 -0.00623141 
0.559 -0.00636968 
0.56 -0.00650795 
0.561 -0.00665325 
0.562 -0.00680545 
0.563 -0.00695765 
0.564 -0.00710985 
0.565 -0.00726917 
0.566 -0.00743607 
0.567 -0.00760298 
0.568 -0.00776988 
0.569 -0.00794536 
0.57 -0.00813071 
0.571 -0.00831607 
0.572 -0.00850142 
0.573 -0.00869513 
0.574 -0.00889928 
0.575 -0.00910342 
0.576 -0.00930757 
0.577 -0.00952116 
0.578 -0.00974756 
0.579 -0.00997396 
0.58 -0.0102004 
0.581 -0.010437 
0.582 -0.0106888 
0.583 -0.0109406 
0.584 -0.0111924 
0.585 -0.0114545 
0.586 -0.0117333 
0.587 -0.0120121 
0.588 -0.0122909 
0.589 -0.0125823 
0.59 -0.0128958 
0.591 -0.0132094 
0.592 -0.0135229 
0.593 -0.0138489 
0.594 -0.0141984 
0.595 -0.014548 
0.596 -0.0148976 
0.597 -0.0152612 
0.598 -0.015654 
0.599 -0.0160468 
0.6 -0.0164396 
0.601 -0.0168479 
0.602 -0.0172919 
0.603 -0.0177358 
0.604 -0.0181798 
0.605 -0.0186395 
0.606 -0.0191388 
0.607 -0.0196382 
0.608 -0.0201375 
0.609 -0.0206562 
0.61 -0.0212291 
0.611 -0.0218019 
0.612 -0.0223747 
0.613 -0.0229669 
0.614 -0.0236193 
0.615 -0.0242717 
0.616 -0.0249241 
0.617 -0.0255983 
0.618 -0.0263482 
0.619 -0.0270981 
0.62 -0.027848 
0.621 -0.0286229 
0.622 -0.0294956 
0.623 -0.0303682 
0.624 -0.0312409 
0.625 -0.0321389 
0.626 -0.0331499 
0.627 -0.034161 
0.628 -0.035172 
0.629 -0.0362146 
0.63 -0.0374187 
0.631 -0.0386227 
0.632 -0.0398268 
0.633 -0.0410631 
0.634 -0.0424921 
0.635 -0.0439211 
0.636 -0.0453501 
0.637 -0.0468149 
0.638 -0.0485354 
0.639 -0.0502558 
0.64 -0.0519762 
0.641 -0.0537383 
0.642 -0.0558627 
0.643 -0.0579872 
0.644 -0.0601116 
0.645 -0.0622768 
0.646 -0.064893 
0.647 -0.0675091 
0.648 -0.0701253 
0.649 -0.0727888 
0.65 -0.0761573 
0.651 -0.0795259 
0.652 -0.0828944 
0.653 -0.0863052 
0.654 -0.0906628 
0.655 -0.0950205 
0.656 -0.0993781 
0.657 -0.103768 
0.658 -0.109532 
0.659 -0.115296 
0.66 -0.12106 
0.661 -0.126829 
0.662 -0.134805 
0.663 -0.142781 
0.664 -0.150756 
0.665 -0.158732 
0.666 -0.170344 
0.667 -0.182021 
0.668 -0.193697 
0.669 -0.205374 
0.67 -0.220096 
0.671 -0.234937 
0.672 -0.249778 
0.673 -0.264619 
0.674 -0.283487 
0.675 -0.302601 
0.676 -0.321716 
0.677 -0.340831 
0.678 -0.361354 
0.679 -0.381996 
0.68 -0.402638 
0.681 -0.423279 
0.682 -0.440446 
0.683 -0.457236 
0.684 -0.474025 
0.685 -0.490814 
0.686 -0.50317 
0.687 -0.514931 
0.688 -0.526692 
0.689 -0.538454 
0.69 -0.544833 
0.691 -0.550348 
0.692 -0.555864 
0.693 -0.56138 
0.694 -0.564549 
0.695 -0.567277 
0.696 -0.570005 
0.697 -0.572733 
0.698 -0.574245 
0.699 -0.575492 
0.7 -0.57674 
0.701 -0.577987 
0.702 -0.578235 
0.703 -0.578235 
0.704 -0.578235 
0.705 -0.578235 
0.706 -0.578235 
0.707 -0.578235 
0.708 -0.578235 
0.709 -0.578235 
0.71 -0.578235 
0.711 -0.578235 
0.712 -0.578235 
0.713 -0.578235 
0.714 -0.578235 
0.715 -0.578235 
0.716 -0.578235 
0.717 -0.578235 
0.718 -0.578235 
0.719 -0.578235 
0.72 -0.578235 
0.721 -0.578235 
0.722 -0.578235 
0.723 -0.578235 
0.724 -0.578235 
0.725 -0.578235 
0.726 -0.578235 
0.727 -0.578235 
0.728 -0.578235 
0.729 -0.578235 
0.73 -0.578235 
0.731 -0.578235 
0.732 -0.578235 
0.733 -0.578235 
0.734 -0.578235 
0.735 -0.578235 
0.736 -0.578235 
0.737 -0.578235 
0.738 -0.578235 
0.739 -0.578235 
0.74 -0.578235 
0.741 -0.578235 
0.742 -0.578235 
0.743 -0.578235 
0.744 -0.578235 
0.745 -0.578235 
0.746 -0.578235 
0.747 -0.578235 
0.748 -0.578235 
0.749 -0.578235 
0.75 -0.578235 
0.751 -0.578235 
0.752 -0.578235 
0.753 -0.578235 
0.754 -0.578235 
0.755 -0.578235 
0.756 -0.578235 
0.757 -0.578235 
0.758 -0.578235 
0.759 -0.578235 
0.76 -0.578235 
0.761 -0.578235 
0.762 -0.578235 
0.763 -0.578235 
0.764 -0.578235 
0.765 -0.578235 
0.766 -0.578235 
0.767 -0.578235 
0.768 -0.578235 
0.769 -0.578235 
0.77 -0.578235 
0.771 -0.578235 
0.772 -0.578235 
0.773 -0.578235 
0.774 -0.578235 
0.775 -0.578235 
0.776 -0.578235 
0.777 -0.578235 
0.778 -0.578235 
0.779 -0.578235 
0.78 -0.578235 
0.781 -0.578235 
0.782 -0.578235 
0.783 -0.578235 
0.784 -0.578235 
0.785 -0.578235 
0.786 -0.578235 
0.787 -0.578235 
0.788 -0.578235 
0.789 -0.578235 
0.79 -0.578235 
0.791 -0.578235 
0.792 -0.578235 
0.793 -0.578235 
0.794 -0.578235 
0.795 -0.578235 
0.796 -0.578235 
0.797 -0.578235 
0.798 -0.578235 
0.799 -0.578235 
0.8 -0.578235 
0.801 -0.578235 
0.802 -0.578235 
0.803 -0.578235 
0.804 -0.578235 
0.805 -0.578235 
0.806 -0.578235 
0.807 -0.578235 
0.808 -0.578235 
0.809 -0.578235 
0.81 -0.578235 
0.811 -0.578235 
0.812 -0.578235 
0.813 -0.578235 
0.814 -0.578235 
0.815 -0.578235 
0.816 -0.578235 
0.817 -0.578235 
0.818 -0.578235 
0.819 -0.578235 
0.82 -0.578235 
0.821 -0.578235 
0.822 -0.578235 
0.823 -0.578235 
0.824 -0.578235 
0.825 -0.578235 
0.826 -0.578235 
0.827 -0.578235 
0.828 -0.578235 
0.829 -0.578235 
0.83 -0.578235 
0.831 -0.578235 
0.832 -0.578235 
0.833 -0.578235 
0.834 -0.578235 
0.835 -0.578235 
0.836 -0.578235 
0.837 -0.578235 
0.838 -0.578235 
0.839 -0.578235 
0.84 -0.578235 
0.841 -0.578235 
0.842 -0.578235 
0.843 -0.578235 
0.844 -0.578235 
0.845 -0.578235 
0.846 -0.578235 
0.847 -0.578235 
0.848 -0.578235 
0.849 -0.578235 
0.85 -0.578235 
0.851 -0.578235 
0.852 -0.578235 
0.853 -0.578235 
0.854 -0.578235 
0.855 -0.578235 
0.856 -0.578235 
0.857 -0.578235 
0.858 -0.578235 
0.859 -0.578235 
0.86 -0.578235 
0.861 -0.578235 
0.862 -0.578235 
0.863 -0.578235 
0.864 -0.578235 
0.865 -0.578235 
0.866 -0.578235 
0.867 -0.578235 
0.868 -0.578235 
0.869 -0.578235 
0.87 -0.578235 
0.871 -0.578235 
0.872 -0.578235 
0.873 -0.578235 
0.874 -0.578235 
0.875 -0.578235 
0.876 -0.578235 
0.877 -0.578235 
0.878 -0.578235 
0.879 -0.578235 
0.88 -0.578235 
0.881 -0.578235 
0.882 -0.578235 
0.883 -0.578235 
0.884 -0.578235 
0.885 -0.578235 
0.886 -0.578235 
0.887 -0.578235 
0.888 -0.578235 
0.889 -0.578235 
0.89 -0.578235 
0.891 -0.578235 
0.892 -0.578235 
0.893 -0.578235 
0.894 -0.578235 
0.895 -0.578235 
0.896 -0.578235 
0.897 -0.578235 
0.898 -0.578235 
0.899 -0.578235 
0.9 -0.578235 
0.901 -0.578235 
0.902 -0.578235 
0.903 -0.578235 
0.904 -0.578235 
0.905 -0.578235 
0.906 -0.578235 
0.907 -0.578235 
0.908 -0.578235 
0.909 -0.578235 
0.91 -0.578235 
0.911 -0.578236 
0.912 -0.578236 
0.913 -0.578236 
0.914 -0.578236 
0.915 -0.578236 
0.916 -0.578236 
0.917 -0.578236 
0.918 -0.578236 
0.919 -0.578236 
0.92 -0.578236 
0.921 -0.578236 
0.922 -0.578236 
0.923 -0.578236 
0.924 -0.578236 
0.925 -0.578236 
0.926 -0.578236 
0.927 -0.578236 
0.928 -0.578236 
0.929 -0.578236 
0.93 -0.578236 
0.931 -0.578236 
0.932 -0.578236 
0.933 -0.578236 
0.934 -0.578236 
0.935 -0.578236 
0.936 -0.578236 
0.937 -0.578236 
0.938 -0.578236 
0.939 -0.578236 
0.94 -0.578236 
0.941 -0.578236 
0.942 -0.578236 
0.943 -0.578236 
0.944 -0.578236 
0.945 -0.578236 
0.946 -0.578236 
0.947 -0.578236 
0.948 -0.578236 
0.949 -0.578236 
0.95 -0.578236 
0.951 -0.578236 
0.952 -0.578236 
0.953 -0.578236 
0.954 -0.578236 
0.955 -0.578236 
0.956 -0.578236 
0.957 -0.578236 
0.958 -0.578236 
0.959 -0.578236 
0.96 -0.578236 
0.961 -0.578236 
0.962 -0.578236 
0.963 -0.578236 
0.964 -0.578236 
0.965 -0.578236 
0.966 -0.578236 
0.967 -0.578236 
0.968 -0.578236 
0.969 -0.578236 
0.97 -0.578236 
0.971 -0.578236 
0.972 -0.578236 
0.973 -0.578236 
0.974 -0.578236 
0.975 -0.578236 
0.976 -0.578236 
0.977 -0.578236 
0.978 -0.578236 
0.979 -0.578236 
0.98 -0.578236 
0.981 -0.578236 
0.982 -0.578236 
0.983 -0.578236 
0.984 -0.578236 
0.985 -0.578236 
0.986 -0.578236 
0.987 -0.578236 
0.988 -0.578236 
0.989 -0.578236 
0.99 -0.578236 
0.991 -0.578236 
0.992 -0.578236 
0.993 -0.578236 
0.994 -0.578236 
0.995 -0.578236 
0.996 -0.578236 
0.997 -0.578236 
0.998 -0.578236 
0.999 -0.578236 
1 -0.578236 
